344,185,182,141,439,0,104,20,421,370,217,385,449,178,115,412,401,106,428,369,289,393,14,423,223,44,96,303,0,70,149,212,255,211,357,197,397,460,183,263,220,99,59,470,384,243,220,46,454,18,488,358,424,51,309,69,376,286,438,122,265,452,419,183,282,240,270,335,136,291,168,324,222,156,335,328,136,233,153,171,69,95,357,92,324,146,278,133,188,489,295,158,393,101,456,13,329,13,0,17
186,71,24,348,336,11,171,232,465,149,431,450,69,458,212,283,101,196,309,461,221,229,181,197,383,276,330,231,154,39,24,314,289,167,168,387,299,26,321,476,293,395,268,263,462,173,136,177,298,423,140,211,238,376,420,70,355,37,88,490,210,207,51,443,4,95,493,61,157,32,253,392,82,231,383,353,407,465,360,345,366,117,451,54,400,445,66,313,367,260,31,18,383,42,429,311,487,268,347,106
207,70,69,46,129,22,251,136,356,441,425,390,152,207,54,110,338,302,438,380,14,218,80,40,91,366,391,220,497,396,153,105,42,124,388,187,136,173,188,463,404,0,404,15,116,264,320,236,334,386,391,188,12,130,346,454,438,155,460,327,432,404,438,67,69,479,72,462,66,411,260,427,471,347,61,301,482,95,469,113,441,294,425,156,34,492,254,140,287,14,178,237,272,285,197,171,186,162,459,377
181,271,189,288,384,446,485,180,242,305,51,359,447,384,151,168,67,351,198,368,481,421,207,318,212,465,98,165,25,19,180,158,363,330,82,317,255,389,344,445,462,467,171,224,71,334,101,348,146,397,36,326,85,363,376,90,420,281,156,81,136,162,16,269,149,286,323,365,446,154,277,28,317,374,258,46,254,471,331,61,63,133,155,123,38,66,403,288,289,405,378,72,246,370,212,299,247,493,288,14
182,369,387,467,431,495,37,336,326,204,134,479,77,478,381,170,418,420,57,133,181,359,420,359,207,490,325,253,38,211,265,455,334,385,209,490,316,198,104,28,254,195,427,370,385,251,242,159,489,444,438,96,337,400,75,390,370,411,369,469,191,487,474,362,87,366,453,63,177,162,399,346,310,468,178,69,276,323,24,197,416,415,357,49,113,41,45,395,298,80,447,187,206,260,53,487,224,380,96,66
409,294,487,304,412,128,171,295,225,266,79,457,308,227,19,290,21,498,415,76,92,55,244,48,423,448,334,35,9,275,329,367,107,207,198,22,47,202,343,329,310,299,41,295,305,459,151,391,456,474,72,327,141,346,310,30,247,10,324,82,392,183,165,336,475,478,465,53,443,358,290,343,322,450,377,393,177,404,419,31,440,98,349,155,114,152,401,39,233,190,108,130,380,2,360,468,276,4,337,400
298,440,401,461,428,139,380,311,261,389,47,339,104,331,238,170,19,252,23,362,160,62,191,474,350,306,296,296,119,376,473,474,15,347,484,43,240,432,163,69,240,117,46,325,191,19,305,398,238,368,331,445,216,192,392,318,268,197,267,233,7,341,473,302,410,193,50,355,460,65,230,260,366,73,353,365,78,6,41,254,176,327,237,0,66,46,439,282,246,414,442,246,443,129,30,155,12,96,337,150
82,194,321,290,454,189,462,465,376,428,225,117,47,181,239,59,83,81,256,328,90,6,299,400,198,409,112,65,173,360,31,355,355,361,204,334,12,403,148,450,141,316,102,493,93,181,499,20,227,456,473,274,264,322,52,274,97,436,52,277,60,485,489,233,494,423,134,245,77,374,202,217,393,29,325,347,169,497,415,88,358,245,332,419,186,268,299,115,479,262,265,242,67,139,174,143,241,420,428,176
42,188,234,96,495,471,121,105,478,129,48,154,370,385,355,448,418,290,353,485,168,415,186,159,497,374,41,131,429,422,197,360,366,301,375,15,405,457,173,172,406,351,270,361,155,112,387,489,433,209,316,102,3,98,26,236,230,432,418,126,42,320,137,342,99,429,329,280,340,23,314,317,144,312,46,24,195,75,303,94,272,361,430,404,208,222,285,99,215,470,328,440,275,310,185,18,437,91,343,157
332,209,488,262,183,27,131,198,351,310,348,164,294,499,181,245,38,421,123,313,73,160,404,320,336,488,485,235,94,48,373,14,470,287,356,439,371,246,283,229,186,322,409,202,475,170,347,2,229,303,493,493,398,260,170,170,352,146,499,275,75,198,209,476,266,191,109,323,241,147,460,391,226,24,199,56,28,246,338,232,454,133,409,157,482,47,347,326,416,362,404,428,447,157,205,436,11,22,31,225
323,311,395,116,321,181,251,446,212,180,416,315,277,422,425,58,243,75,303,173,235,37,246,197,300,183,8,433,211,227,481,352,244,395,351,276,310,158,102,199,219,262,306,180,453,330,172,181,416,10,296,425,208,446,92,124,156,86,57,201,102,390,487,469,77,424,257,84,248,187,261,467,38,94,27,377,66,121,33,229,388,478,49,85,331,266,168,406,473,73,134,399,24,108,358,461,197,63,435,392
499,116,343,462,273,25,286,472,69,141,10,55,64,97,292,438,153,157,63,251,498,383,150,464,463,324,414,429,341,161,272,232,235,386,346,351,4,337,56,399,406,367,151,13,349,425,484,335,470,423,217,219,437,283,358,128,446,421,45,97,382,71,206,459,213,47,412,69,87,347,339,242,4,208,428,341,320,146,290,436,253,293,322,277,100,137,366,192,1,87,448,375,73,258,336,305,414,226,284,435
265,2,69,135,318,330,261,444,123,341,64,380,384,354,35,490,411,81,149,197,135,63,109,317,94,379,55,439,421,387,273,284,303,14,62,88,290,77,387,393,129,424,66,385,440,495,12,147,352,185,162,57,298,55,264,24,381,284,251,239,207,215,225,437,362,310,469,177,114,428,397,18,197,394,100,258,243,308,456,147,259,193,191,423,441,209,323,184,306,484,23,496,271,284,330,492,441,207,66,203
125,101,337,206,277,260,333,241,364,401,363,330,145,446,357,137,420,244,319,329,313,182,178,77,210,421,176,311,302,356,464,354,414,306,7,24,138,193,143,297,264,371,496,435,434,38,300,390,29,303,333,452,371,427,266,339,23,19,5,92,125,448,277,283,368,371,352,287,159,161,122,350,311,487,266,432,212,465,153,399,215,191,258,337,285,387,359,446,24,9,280,419,148,416,243,145,235,49,417,293
204,426,408,38,287,256,78,264,390,443,418,234,229,457,77,79,349,135,383,406,61,314,390,486,242,371,167,42,38,378,381,90,44,63,431,14,441,315,106,354,492,438,374,413,156,381,483,164,217,122,199,278,47,302,469,135,475,71,78,492,125,461,347,136,155,340,433,371,458,187,433,489,48,269,473,216,350,381,347,140,187,50,7,279,177,359,224,12,127,168,492,221,446,438,489,156,276,486,293,114
247,432,165,462,43,322,474,74,340,320,273,166,132,283,263,498,11,58,155,280,172,117,76,397,311,423,151,495,275,452,331,285,13,178,98,391,371,162,339,171,372,3,368,454,462,454,210,441,198,330,116,98,103,49,196,215,18,470,147,5,271,2,355,358,480,376,37,20,448,288,172,374,220,1,210,133,260,472,489,173,247,281,291,58,499,32,5,40,152,400,392,133,165,208,213,25,42,407,152,395
260,50,17,435,332,498,401,347,179,188,381,263,416,449,81,435,35,365,51,287,459,97,323,112,181,409,62,262,108,8,211,201,217,199,106,264,261,191,78,374,410,375,477,86,345,164,56,202,231,266,319,490,185,476,158,92,152,62,387,141,5,112,27,403,410,169,10,181,138,308,301,454,409,21,60,300,426,48,324,93,377,381,238,312,484,351,296,365,264,18,414,276,302,103,282,493,239,487,422,144
462,62,314,291,277,364,483,121,40,157,183,40,101,301,124,490,126,21,263,378,360,107,139,132,89,265,468,140,189,478,459,390,114,286,384,150,442,392,139,184,495,490,70,64,309,200,415,408,319,236,373,94,275,218,279,60,334,277,89,452,29,109,170,335,443,68,382,34,193,267,333,130,17,328,425,170,322,235,213,408,0,0,400,466,378,435,153,111,235,135,257,162,494,469,208,456,249,452,98,156
469,232,227,340,256,453,443,285,438,499,477,338,458,473,115,105,47,15,466,182,181,142,392,178,264,40,257,452,429,211,482,455,479,117,420,241,450,340,238,499,429,330,122,190,105,368,276,27,484,176,341,101,101,187,330,415,290,179,490,199,174,422,240,82,104,63,268,80,471,357,103,466,28,112,364,473,169,174,389,404,219,108,60,209,380,312,28,455,296,413,113,287,255,138,264,16,380,391,254,70
386,374,145,6,474,206,243,471,365,415,0,203,472,52,389,203,409,431,201,64,474,70,371,226,14,357,133,408,204,270,240,51,206,194,416,363,20,290,179,412,415,34,313,467,151,195,185,151,65,470,277,23,130,281,446,402,385,434,96,342,172,480,22,93,105,418,254,157,43,48,279,324,463,29,35,113,281,207,374,56,487,433,424,3,48,172,134,99,125,497,395,394,456,199,195,11,145,58,127,191
244,458,478,26,185,314,139,103,499,499,153,369,29,200,334,405,309,144,373,424,106,152,67,484,437,471,20,121,240,321,469,225,162,3,241,173,443,229,113,201,164,453,477,174,184,229,303,276,5,62,91,247,195,364,332,339,442,477,316,443,323,95,12,352,499,68,208,482,431,141,102,154,295,31,280,459,388,390,431,446,224,116,36,99,350,302,45,297,170,209,283,250,17,143,41,319,204,343,359,315
351,397,132,304,282,369,200,235,416,438,282,360,264,369,204,169,97,57,151,364,468,498,415,134,276,304,485,499,384,321,273,405,476,49,259,21,493,242,337,264,222,481,162,445,248,4,399,102,358,365,197,173,11,456,459,320,224,300,307,333,181,140,293,52,168,37,54,262,300,220,430,5,191,3,314,218,173,499,234,321,169,363,171,375,277,424,399,367,12,52,364,189,403,325,303,409,191,421,394,50
235,478,125,46,370,163,392,363,465,352,344,387,161,473,208,449,64,358,418,183,290,86,138,384,45,415,416,379,408,375,264,78,142,44,359,41,211,59,261,412,278,249,413,352,13,275,307,486,376,402,293,478,5,213,418,461,55,192,409,436,18,164,441,126,391,207,91,43,42,139,349,344,267,484,36,482,360,136,373,433,472,399,359,103,80,379,193,198,399,419,488,394,387,388,38,334,106,186,396,205
109,317,482,147,406,331,118,48,349,455,54,39,114,465,48,271,208,123,479,492,321,269,428,92,183,74,193,59,162,441,365,169,455,19,280,64,230,485,151,438,341,253,415,179,75,243,174,101,204,493,330,115,456,319,279,299,387,346,187,265,460,483,219,305,490,326,120,44,142,209,203,232,71,389,163,385,495,296,194,389,232,224,180,111,424,140,470,343,361,154,328,194,475,367,231,33,268,214,221,216
459,40,348,290,48,157,5,113,261,125,380,101,69,21,50,385,302,184,317,339,468,106,243,302,87,123,266,334,112,389,117,136,338,233,366,276,365,351,412,204,437,332,110,435,181,376,265,423,235,33,38,416,316,472,12,208,166,309,280,169,46,323,244,98,354,243,75,122,28,460,245,240,183,422,438,299,471,489,228,341,321,288,235,111,54,299,329,9,39,304,102,102,365,341,322,299,259,369,213,383
320,12,163,418,158,143,394,480,164,226,237,481,98,181,287,264,316,271,109,376,39,365,226,398,289,234,225,119,437,175,353,486,159,390,417,163,458,108,91,389,204,237,151,302,486,51,371,186,280,98,339,490,237,441,277,281,241,394,21,246,315,247,141,308,266,156,133,235,290,29,156,23,20,446,368,47,417,104,73,49,328,238,109,183,265,132,449,399,442,444,405,444,377,241,197,469,393,449,219,273
72,18,199,481,33,373,203,138,219,44,21,261,148,146,99,249,376,97,402,196,285,207,381,336,437,357,482,62,400,79,21,485,278,456,37,46,111,321,470,475,196,466,174,89,257,497,399,436,21,111,358,169,154,268,274,27,40,376,45,134,453,406,311,494,10,243,298,276,147,67,216,239,258,249,452,42,198,428,434,459,136,42,234,42,330,469,210,316,21,254,161,60,214,468,473,356,188,171,20,65
254,108,367,284,367,309,221,25,201,190,140,173,437,270,347,439,367,170,307,50,498,121,493,51,217,354,290,119,419,476,127,440,216,300,432,164,352,116,76,226,351,338,496,458,205,488,199,259,301,298,96,336,474,23,122,463,150,159,100,452,277,22,143,411,479,65,35,301,52,423,177,225,179,474,192,208,310,190,470,21,323,398,467,81,174,447,108,366,452,16,280,298,321,191,138,1,57,189,423,257
116,380,137,482,451,294,40,438,380,71,138,477,215,236,192,108,137,251,267,77,232,312,273,383,277,310,424,398,154,280,479,78,229,99,195,267,358,207,213,47,177,233,340,354,277,475,407,466,130,409,82,446,3,177,150,63,384,75,364,94,65,221,186,121,347,335,232,253,444,414,156,324,140,267,117,203,286,180,7,74,404,185,341,162,457,297,299,116,344,58,51,80,118,398,322,183,238,265,99,390
392,61,448,254,172,362,139,280,374,313,150,468,234,403,408,207,179,486,399,393,77,489,335,82,319,177,155,368,30,218,95,342,244,458,13,266,49,172,136,24,121,119,70,263,469,464,448,302,382,229,268,314,238,423,135,395,232,110,325,369,81,434,312,304,273,336,237,487,76,211,216,484,108,464,353,46,139,271,50,196,406,435,167,426,314,393,250,157,264,330,324,126,99,137,322,59,452,496,229,226
362,165,272,496,375,120,35,44,395,192,85,292,228,152,489,408,305,57,149,195,164,228,112,335,344,192,43,55,162,261,435,495,122,314,376,291,251,213,464,382,90,26,138,184,151,312,230,89,194,165,264,285,238,31,56,206,61,314,248,29,370,467,40,211,168,135,252,495,371,453,479,98,256,280,372,314,41,31,109,211,42,476,352,393,288,176,202,341,291,137,5,288,332,20,92,411,175,390,179,22
273,194,351,137,455,117,282,266,67,324,411,114,460,286,84,359,333,250,60,468,436,257,257,380,133,71,495,92,166,235,15,497,219,148,351,496,273,308,359,15,6,126,123,229,123,80,150,176,455,148,53,265,148,85,81,57,279,35,389,274,31,466,256,476,467,443,279,236,86,454,365,339,70,200,380,55,344,86,66,79,382,39,356,300,317,241,56,182,183,218,425,306,281,305,489,142,61,401,456,208
190,19,186,18,53,435,322,179,354,154,137,362,253,245,71,347,215,484,328,155,160,223,48,59,456,342,3,293,263,21,258,208,287,233,248,442,178,195,148,343,79,374,196,439,157,171,333,188,287,328,294,372,314,187,284,163,60,370,13,300,105,83,378,140,66,57,470,98,134,404,209,277,359,27,245,484,412,391,247,254,339,458,157,68,360,229,31,344,288,284,393,435,445,29,483,314,429,168,15,299
75,220,466,162,339,193,341,407,85,17,72,385,1,344,37,485,498,107,483,328,2,368,34,243,435,398,83,292,190,425,283,2,99,211,67,360,353,181,458,447,253,266,427,290,118,93,100,111,315,143,140,129,220,249,30,184,118,199,142,215,132,283,405,350,392,340,265,350,25,187,90,419,374,97,322,278,132,128,350,443,46,420,75,396,182,0,160,213,106,225,75,149,457,46,321,295,108,349,145,337
278,193,29,192,235,112,415,348,374,405,129,169,314,228,106,5,284,231,62,190,234,27,484,478,421,74,208,468,106,465,131,411,15,381,139,463,9,487,262,248,96,469,76,113,126,176,150,434,475,84,471,333,360,318,0,181,252,234,323,360,77,245,264,398,443,274,148,2,377,68,250,38,190,159,301,368,376,323,107,394,165,344,451,467,482,280,248,438,305,162,323,288,396,226,332,37,421,227,114,488
417,407,465,328,436,287,401,248,145,117,226,91,267,464,494,261,4,214,15,251,90,131,280,447,486,67,256,116,53,416,9,294,229,80,421,264,137,38,370,121,395,140,209,65,132,470,30,93,454,340,436,10,339,77,126,417,121,219,106,499,359,69,239,64,390,336,59,400,11,353,382,54,346,221,15,215,109,493,40,439,57,193,301,72,499,142,403,16,497,217,431,489,115,116,349,452,479,268,138,338
319,77,326,483,66,464,407,144,64,166,18,159,81,392,224,355,381,137,260,377,56,486,48,317,137,252,495,321,493,160,232,100,257,372,67,120,322,215,225,231,9,419,373,84,109,155,26,477,270,108,332,28,259,349,152,135,498,320,305,76,290,140,253,304,208,102,456,400,262,449,266,386,48,135,445,168,145,240,298,77,350,494,366,243,193,386,245,255,385,50,397,306,338,140,235,209,210,19,149,40
104,491,31,3,246,473,383,411,271,135,205,349,10,372,489,470,20,191,266,93,144,22,355,264,74,157,108,413,337,260,383,244,417,1,84,278,140,435,311,461,25,433,103,406,420,74,454,57,336,486,310,21,26,497,296,334,133,134,427,255,250,256,324,196,130,458,312,156,9,306,86,203,296,370,186,250,93,314,329,78,307,84,439,47,427,172,279,233,137,212,44,391,198,133,349,172,55,70,249,134
378,53,243,141,8,14,277,276,468,285,400,88,401,53,305,206,89,95,447,452,167,18,218,208,455,451,58,352,118,440,371,131,52,242,217,310,286,378,317,394,148,181,324,196,463,45,267,485,221,297,328,220,75,468,19,24,151,466,486,285,150,354,396,180,213,123,399,195,440,286,246,244,446,423,155,142,50,167,383,341,405,388,251,358,417,414,152,362,229,190,243,445,420,369,59,363,0,398,398,401
339,200,225,145,197,479,20,270,132,402,55,39,355,239,147,72,463,241,34,442,10,144,330,351,155,465,118,445,321,230,229,57,360,105,181,284,377,269,317,247,340,193,69,241,125,389,199,386,113,291,303,170,223,205,454,486,155,340,269,203,190,421,306,180,6,232,0,412,199,447,23,463,435,87,162,330,232,29,434,263,250,102,132,39,119,351,42,172,139,143,497,270,348,119,432,42,82,77,154,311
29,212,13,215,44,163,492,458,436,85,243,88,91,60,241,300,467,1,362,310,383,7,352,216,260,448,1,214,363,467,321,279,234,431,472,307,273,327,163,53,422,472,267,214,207,231,239,335,275,452,369,128,246,495,182,296,354,14,433,411,109,309,400,343,14,362,85,43,400,400,43,386,480,298,21,237,432,94,47,23,66,44,349,97,453,2,231,290,105,68,417,85,144,61,388,124,323,6,278,297
315,267,373,257,410,55,378,171,280,230,17,436,245,447,168,268,317,327,137,313,414,10,126,241,152,433,194,469,315,0,47,237,44,116,477,478,297,411,431,434,407,430,412,23,17,95,1,160,53,21,448,424,10,104,35,460,362,51,389,409,212,73,69,497,0,193,65,21,351,97,403,242,434,242,334,414,296,330,404,211,147,141,57,19,292,243,360,92,356,34,373,16,147,3,439,406,282,151,223,38
352,426,411,485,412,299,30,280,133,126,184,170,348,461,109,3,472,416,97,367,242,93,194,185,261,340,307,214,394,64,141,152,413,474,208,40,95,82,466,436,364,47,250,206,488,488,180,126,84,196,262,205,241,413,218,109,434,237,206,307,18,181,82,49,281,61,214,437,233,75,96,337,156,35,68,429,237,390,316,342,23,68,427,132,137,354,253,334,376,103,359,302,422,67,154,155,287,157,323,412
237,280,130,236,236,480,134,146,490,220,112,124,479,150,117,165,196,14,52,159,153,241,434,165,342,438,161,433,195,45,42,136,335,464,261,427,219,228,435,133,94,69,467,19,422,498,465,121,243,362,18,104,408,247,71,236,203,286,372,425,46,343,273,316,185,64,47,396,28,53,486,298,82,175,364,97,432,399,477,64,300,363,62,272,288,286,366,40,419,290,349,456,68,216,140,468,121,217,400,448
200,433,92,323,45,397,203,489,312,37,474,486,296,92,351,19,128,326,17,289,352,65,347,96,441,131,423,374,406,445,53,117,486,68,72,30,425,443,273,115,323,24,178,398,47,371,469,202,199,160,449,134,277,434,46,134,212,27,211,104,334,405,272,299,268,38,199,215,199,294,142,129,363,189,207,387,440,10,296,131,299,359,6,338,379,301,405,213,269,471,139,255,31,198,74,237,62,365,109,245
162,272,323,67,38,160,16,224,429,334,456,8,68,196,429,366,228,170,208,48,489,338,140,225,493,225,366,87,219,16,318,110,288,133,362,499,177,188,63,498,137,367,404,344,342,220,276,420,364,279,292,240,359,266,151,160,177,181,161,446,381,39,496,421,161,310,187,234,59,179,352,18,232,285,80,345,227,428,308,39,202,324,324,266,469,463,280,156,4,193,442,74,235,47,89,449,331,72,236,402
404,313,430,260,45,38,256,72,389,446,195,372,491,172,213,341,499,276,94,176,158,129,497,295,233,419,449,69,358,311,436,132,231,420,297,440,370,71,336,43,66,145,206,164,353,159,84,414,487,185,123,475,222,421,206,328,412,30,0,101,34,195,361,315,386,493,9,27,255,50,395,74,124,286,330,10,291,270,190,386,308,239,200,264,401,142,134,117,452,284,49,386,248,388,357,447,321,215,187,276
378,161,163,96,139,108,144,163,200,84,379,221,426,208,54,444,17,156,92,32,473,61,76,196,120,414,168,449,19,199,450,180,425,372,152,112,41,334,414,110,431,496,39,69,157,124,497,247,54,432,166,300,447,246,140,496,70,329,241,328,474,259,336,111,120,28,323,474,200,467,242,447,159,143,98,148,380,81,101,178,30,15,434,478,126,254,183,4,387,395,443,21,100,401,386,209,39,52,44,353
245,399,394,406,225,255,149,324,9,231,172,94,49,175,492,99,11,209,317,181,429,432,161,462,30,318,169,368,380,334,167,293,3,1,278,426,438,79,481,129,160,42,284,103,67,445,103,317,125,386,390,155,488,370,13,426,215,235,434,284,245,5,305,173,395,115,41,479,426,143,411,174,423,301,276,3,61,452,295,347,377,47,179,40,198,359,234,399,230,207,206,188,280,439,1,56,172,492,80,494
80,19,495,54,170,158,159,70,315,473,282,85,282,110,317,128,59,205,61,277,317,430,170,206,84,409,400,95,298,366,480,140,154,486,71,46,368,335,111,197,320,199,473,195,13,33,300,356,134,246,34,173,431,442,192,354,82,384,328,167,215,323,404,452,455,53,290,315,137,97,328,378,395,220,128,321,134,172,252,378,148,434,467,389,491,325,161,241,370,86,417,100,322,183,332,259,233,427,193,145
137,292,429,188,465,151,188,48,300,438,242,236,329,447,61,200,338,231,384,329,142,212,92,447,281,149,327,316,338,310,156,272,482,178,65,304,247,160,436,297,427,69,137,382,30,486,459,154,399,216,252,42,130,277,283,65,442,251,171,329,142,36,14,283,303,465,193,227,104,168,149,259,303,20,208,163,395,241,251,373,352,81,371,145,281,423,495,80,419,253,319,380,191,106,265,211,34,324,114,303
164,84,109,190,244,464,202,220,7,22,454,457,328,37,483,408,459,170,373,404,221,8,104,461,276,418,168,339,329,311,454,224,498,353,244,293,230,255,365,451,101,134,40,401,474,473,458,299,281,137,133,425,330,402,433,124,159,459,179,274,444,338,455,207,58,206,253,41,449,52,9,247,305,96,305,342,474,235,462,49,225,1,276,324,416,375,352,161,499,425,240,178,289,324,170,327,8,285,124,107
27,152,230,83,242,144,268,456,131,397,173,381,454,456,267,351,407,291,365,34,330,472,399,258,61,188,269,320,59,419,146,5,364,383,145,145,302,227,288,219,450,29,50,133,67,0,193,381,319,22,52,341,431,193,37,77,344,485,419,271,228,439,457,142,267,483,32,453,382,214,59,52,476,403,356,402,146,292,286,378,396,327,173,490,87,181,271,363,367,253,91,26,333,425,360,413,208,76,88,448
385,409,433,278,108,415,234,225,487,327,146,431,476,279,406,489,285,376,158,295,405,130,481,215,301,98,474,192,129,444,345,232,361,219,343,194,405,102,364,230,498,408,475,354,236,497,6,114,309,220,217,116,188,73,164,177,171,414,123,403,344,95,471,329,34,498,287,390,362,418,221,469,289,321,320,145,298,498,325,284,481,355,319,476,14,0,411,28,300,481,110,245,191,30,222,199,68,277,399,258
78,397,85,264,40,205,452,159,265,495,474,140,431,121,380,46,246,66,54,344,129,393,297,238,464,429,171,9,96,232,99,372,415,71,52,18,71,421,141,479,186,43,361,223,124,187,458,106,100,279,201,201,365,206,181,231,326,449,295,325,108,62,29,345,265,214,353,491,42,187,29,441,100,408,241,445,250,263,45,268,407,65,389,148,141,275,121,445,22,34,7,193,489,361,325,460,251,217,371,180
362,489,40,367,171,101,317,128,132,228,490,415,23,205,488,250,322,305,475,287,427,376,371,25,40,15,418,12,299,306,298,106,414,87,115,260,174,208,447,290,495,259,382,203,394,158,104,0,172,285,241,156,251,401,378,90,158,114,370,139,408,119,392,44,488,294,179,353,71,407,228,470,223,355,472,315,224,490,175,379,294,348,343,53,203,356,219,65,363,172,392,86,334,337,3,477,235,260,50,486
231,324,455,79,335,392,160,463,392,236,468,453,147,230,188,110,482,272,100,355,165,82,438,400,390,236,455,139,310,207,5,464,464,299,451,285,442,6,170,272,92,388,188,178,68,262,384,300,302,286,494,387,10,480,69,128,250,61,215,158,89,318,81,45,30,430,404,246,430,56,369,64,177,458,205,243,16,303,365,206,44,115,201,314,186,258,255,230,351,171,135,192,18,403,314,286,4,84,415,495
482,256,18,160,243,210,283,23,440,125,22,483,164,411,138,459,93,498,441,38,263,45,434,113,126,339,340,206,40,112,423,490,258,75,342,489,492,483,344,297,376,469,402,162,98,262,337,303,391,238,322,267,328,333,290,107,119,19,366,461,9,208,0,396,199,28,473,306,396,160,456,122,465,336,391,363,490,266,414,18,246,315,161,54,114,220,85,38,93,376,450,2,351,497,175,69,492,380,440,157
439,295,414,367,276,370,299,335,256,204,128,26,340,192,15,314,128,287,426,290,77,420,308,229,157,322,196,454,200,492,199,436,254,21,48,24,178,456,56,71,434,375,81,105,90,465,331,471,472,255,346,87,304,420,60,254,132,303,17,143,367,493,451,27,243,189,52,219,149,60,391,64,150,176,406,163,393,302,357,141,247,236,191,169,424,255,355,61,325,61,365,234,442,191,279,373,241,290,330,394
213,401,216,123,99,424,436,354,397,430,397,38,43,381,491,481,407,328,75,55,401,98,463,260,239,157,103,403,159,393,78,85,364,66,427,348,351,318,40,341,352,432,100,365,459,352,218,32,192,354,87,142,400,457,153,451,251,313,213,248,334,176,121,260,196,477,388,375,199,206,496,264,258,374,76,40,451,367,298,408,177,174,240,53,360,394,194,112,36,145,256,184,490,135,248,210,409,158,425,170
64,371,478,127,234,325,171,373,317,442,27,418,188,446,493,377,88,314,378,222,127,135,247,193,17,255,448,370,31,169,210,8,242,265,44,71,178,413,82,366,344,383,205,384,249,250,241,272,134,129,109,209,291,364,63,87,125,106,496,419,0,52,63,248,394,230,156,52,353,238,226,102,213,269,308,47,53,179,118,151,45,80,81,492,25,426,109,380,389,210,483,180,481,311,118,397,113,354,431,274
474,133,35,7,389,417,251,25,45,337,240,154,366,76,415,40,477,360,300,292,444,133,233,499,57,17,197,309,122,233,319,24,312,165,142,118,204,328,18,64,252,45,231,277,284,379,409,158,172,435,356,52,141,328,272,225,154,237,491,164,320,78,227,359,2,40,297,69,67,436,257,392,405,33,244,410,170,332,342,234,133,54,67,431,51,261,431,138,102,115,278,17,102,249,435,428,78,181,0,365
498,164,39,76,125,285,149,7,162,269,465,294,296,58,258,371,349,157,499,256,147,270,97,161,194,371,323,492,365,429,447,160,493,378,465,260,327,238,433,380,29,76,111,77,363,12,58,449,409,100,191,416,139,104,216,191,23,377,263,477,216,96,338,339,147,109,256,279,478,191,257,362,228,97,333,176,444,144,120,98,471,3,67,18,32,160,22,170,417,222,429,36,325,441,220,178,186,362,352,13
355,487,472,131,389,16,98,73,406,4,479,157,60,20,196,427,252,352,7,217,4,183,303,492,154,454,231,413,128,189,196,465,119,289,382,375,176,335,276,137,168,487,330,138,231,294,482,250,295,230,45,183,241,347,7,198,117,209,203,13,386,488,13,176,299,357,214,220,355,160,61,112,5,28,348,415,0,430,430,154,331,271,80,368,223,373,165,263,499,92,91,62,319,452,482,485,26,65,362,289
454,198,373,467,279,396,108,431,437,454,13,448,141,457,29,107,361,326,139,464,106,309,298,169,120,216,99,191,268,393,202,124,283,307,275,305,325,346,457,155,326,166,374,125,62,271,167,184,470,285,445,149,28,316,460,242,77,131,149,75,310,294,63,228,428,280,442,472,303,140,270,186,153,175,90,172,235,448,347,98,20,237,338,297,213,167,369,370,92,424,74,308,311,26,46,402,150,331,260,370
399,118,52,124,453,185,487,422,432,296,341,266,59,167,26,192,150,444,264,37,213,19,270,123,167,334,282,306,188,44,204,293,40,383,391,156,85,26,370,133,121,206,289,158,96,292,1,465,160,314,117,368,31,41,174,229,453,331,105,152,417,198,208,146,336,417,428,313,187,372,322,279,342,69,347,7,11,282,244,339,330,387,333,225,254,38,27,184,376,4,473,172,223,77,264,117,302,389,457,270
332,320,423,5,40,461,31,22,25,435,235,452,408,440,32,177,213,428,8,200,425,76,492,77,120,286,420,160,470,465,443,342,296,168,29,386,5,377,449,275,471,278,323,276,439,196,349,84,485,297,497,226,466,154,11,448,281,13,329,180,124,476,353,12,116,263,9,411,11,179,121,353,207,332,132,37,256,335,167,297,241,446,74,104,132,456,292,267,173,370,88,139,51,475,266,274,26,325,201,104
374,463,89,390,282,128,454,381,171,352,265,216,136,394,286,261,445,330,286,477,320,271,242,70,149,387,286,422,165,19,155,329,460,402,193,26,228,20,497,296,301,211,491,305,421,55,77,493,470,257,265,49,83,449,172,35,14,369,321,451,159,110,219,131,255,143,242,366,431,462,263,436,227,293,274,244,323,319,246,103,291,47,454,406,135,22,44,476,264,206,135,73,315,381,452,49,16,241,168,26
21,14,439,198,213,193,294,422,457,436,317,311,98,471,39,305,110,264,105,200,338,359,436,219,345,415,487,239,202,97,280,29,318,355,491,493,433,402,6,84,126,362,476,14,350,186,378,425,143,261,270,355,254,276,243,28,432,106,423,418,484,79,154,457,300,313,491,41,386,45,39,430,287,94,218,196,191,480,325,159,340,456,272,147,37,195,56,412,459,414,71,400,480,157,64,427,336,469,225,236
244,120,352,438,348,187,233,146,251,230,187,251,224,391,234,28,441,211,365,431,387,56,98,28,208,298,357,121,77,449,85,116,281,378,276,188,155,14,305,288,91,244,356,350,2,296,81,110,373,132,37,225,17,329,431,148,115,408,65,83,131,11,258,23,293,466,120,65,76,44,491,28,452,411,300,375,336,204,157,94,123,89,349,279,437,0,264,398,484,17,469,468,221,46,496,381,209,157,411,77
23,71,139,335,61,499,292,20,206,253,244,232,201,111,29,262,15,27,101,441,485,242,36,299,280,486,92,171,65,380,467,66,285,315,129,180,104,160,487,302,280,10,139,352,128,187,247,411,51,110,22,181,405,130,382,298,55,222,194,316,375,261,94,141,68,43,98,476,434,27,59,448,214,235,297,111,445,473,207,3,258,114,52,156,13,10,360,488,231,319,22,135,73,252,110,3,233,225,332,251
217,457,359,452,43,323,485,7,103,79,315,465,329,259,472,389,249,135,286,5,39,300,104,180,445,182,106,446,143,144,350,360,414,246,445,462,434,41,165,117,90,334,474,68,276,1,20,16,397,394,206,273,32,110,428,359,311,162,399,374,153,0,38,209,327,408,421,445,467,140,167,27,157,432,71,314,301,321,196,21,230,333,214,333,445,473,232,221,408,353,338,254,205,219,490,401,257,74,203,406
307,346,34,203,329,278,91,486,427,128,383,39,188,104,202,85,472,269,117,421,268,243,193,327,54,158,92,98,17,293,240,258,178,413,228,232,269,477,7,368,105,270,433,114,145,213,32,365,145,108,3,194,480,396,242,343,6,325,294,32,265,14,396,256,60,102,264,465,102,224,107,273,237,37,35,93,475,410,191,194,258,107,291,182,347,187,262,335,231,10,264,197,489,407,314,365,369,194,261,417
436,310,138,400,311,38,266,128,494,439,204,427,424,251,228,283,180,151,288,482,274,35,352,247,331,105,310,107,419,493,15,65,214,328,244,48,325,222,302,347,134,457,252,344,271,182,141,324,228,85,36,312,400,265,337,292,419,452,205,227,203,468,381,207,279,143,145,269,144,204,282,13,272,40,340,233,387,10,221,53,362,345,80,323,246,346,41,124,269,141,429,20,356,163,249,101,305,414,297,387
83,108,26,2,289,46,53,460,461,57,44,264,281,296,43,141,328,418,1,198,288,74,444,0,62,225,310,96,115,292,287,451,90,436,46,152,405,140,265,353,66,253,92,213,119,474,314,353,249,254,481,94,470,236,50,153,334,321,292,402,343,355,412,233,161,275,434,352,140,7,499,44,191,103,79,401,47,280,346,475,481,290,349,82,28,338,300,89,250,9,53,268,164,338,89,235,27,200,213,257
137,305,394,95,44,65,489,174,219,391,116,314,131,155,166,42,344,377,318,410,275,188,282,469,348,76,285,372,2,488,329,369,259,224,68,224,37,9,425,434,415,76,402,54,330,234,303,26,199,414,327,468,380,0,394,152,76,192,455,62,78,3,55,160,315,375,235,329,152,90,477,266,443,401,127,122,109,257,179,204,148,128,349,383,484,226,28,7,82,189,280,297,11,154,251,224,443,299,80,480
13,477,490,328,310,121,92,8,428,73,31,396,26,7,103,241,228,269,357,82,251,192,129,176,229,394,152,48,201,211,255,122,231,167,204,148,451,126,78,111,301,75,55,297,213,71,209,237,435,96,463,213,494,211,355,416,357,134,41,494,6,50,142,162,242,239,38,454,141,182,17,36,18,425,75,464,266,347,72,359,489,111,448,186,68,301,33,270,307,230,143,456,178,389,446,34,1,90,408,7
249,221,283,475,192,52,367,253,45,420,279,33,409,488,336,79,347,326,81,230,131,361,76,485,88,464,262,18,176,472,135,7,84,357,486,355,348,317,129,301,221,497,474,377,233,133,41,184,210,28,450,141,435,469,498,24,176,243,195,382,230,16,419,287,438,437,84,418,308,480,363,63,317,42,296,355,3,118,171,464,489,207,330,114,98,135,186,430,128,376,224,243,496,49,274,353,426,57,488,231
295,56,424,34,84,245,184,119,248,165,0,347,448,28,189,492,336,98,385,252,301,486,322,456,224,149,69,409,116,284,255,321,359,92,0,234,441,13,427,330,489,192,269,243,401,104,386,338,340,157,105,375,49,315,197,17,369,493,125,367,33,127,103,119,241,174,79,402,202,276,3,322,443,154,8,401,91,199,469,70,456,174,469,156,104,114,491,414,81,281,260,458,148,219,106,231,67,34,316,292
364,391,332,295,312,287,471,137,206,153,95,342,166,97,184,323,239,109,6,302,446,26,38,16,499,291,214,23,179,11,209,146,280,302,24,270,463,440,459,300,271,258,257,250,377,130,271,74,331,313,233,17,60,41,309,343,197,43,19,5,289,182,466,484,138,267,269,289,43,340,122,179,354,436,253,319,156,10,87,13,101,440,193,227,46,36,159,473,38,238,467,420,305,417,453,88,25,39,28,417
470,90,251,351,415,148,495,217,47,401,2,485,144,373,386,351,419,125,131,166,498,242,201,335,423,97,263,65,131,446,432,127,297,331,360,170,108,195,447,276,122,157,125,190,117,358,440,224,34,84,261,215,436,427,447,396,341,16,399,35,95,429,346,10,221,360,160,447,68,325,331,55,286,256,46,265,293,124,237,135,175,189,277,225,375,389,183,147,17,448,386,369,117,453,292,27,198,292,341,178
342,276,442,493,340,461,485,228,243,188,44,176,191,359,271,162,302,12,330,209,8,27,6,360,286,121,263,488,234,390,125,139,391,181,124,164,148,424,452,288,83,397,487,207,305,332,21,108,466,133,406,206,18,337,221,295,396,192,488,85,21,125,31,311,375,369,335,39,272,416,452,40,386,318,66,496,335,27,159,435,268,167,190,421,421,345,418,473,32,285,255,153,53,4,104,122,266,323,444,247
250,161,322,17,462,469,197,8,29,389,399,321,376,367,17,434,487,445,278,384,159,248,375,485,84,252,149,321,326,35,245,235,359,143,152,401,313,407,428,456,406,293,458,410,153,460,287,237,119,62,173,428,253,322,237,496,397,161,360,275,178,452,405,392,7,51,381,197,456,102,52,54,402,419,463,301,391,161,230,393,314,11,248,75,37,172,214,250,303,203,338,162,45,321,50,83,12,333,257,96
81,16,304,214,484,131,392,135,480,155,386,227,155,292,47,189,148,123,344,8,270,215,341,185,90,295,134,403,251,408,65,146,160,189,110,301,146,328,221,16,329,287,148,148,3,395,351,350,128,51,90,450,42,249,295,328,311,111,281,243,238,452,285,330,1,3,212,487,125,435,385,148,415,161,169,441,268,389,35,214,347,226,371,465,346,25,475,489,464,405,204,81,280,176,14,496,464,19,128,291
307,424,156,239,381,421,392,499,322,492,45,150,334,322,187,79,180,255,3,449,63,424,48,92,108,411,161,374,195,486,246,245,9,173,105,205,136,408,474,162,15,199,293,298,382,72,163,472,438,17,443,27,443,365,380,113,496,320,304,75,405,313,236,488,158,354,34,123,236,330,404,197,467,293,406,95,494,396,250,217,447,293,90,329,15,111,361,8,191,403,432,228,219,400,141,365,51,494,87,289
406,48,367,104,487,2,96,123,459,127,336,449,284,85,418,74,99,110,498,496,427,161,14,123,215,214,256,5,435,0,383,91,132,125,319,425,308,354,452,463,383,206,153,458,186,345,284,327,10,337,21,470,139,85,412,283,466,107,270,422,1,483,213,88,406,320,63,102,447,384,34,482,17,346,115,112,184,470,442,383,59,279,133,253,272,294,365,91,432,257,46,4,494,166,45,444,2,409,264,307
419,474,1,180,338,135,88,336,243,23,173,206,368,414,188,462,463,71,191,341,74,260,292,88,214,235,412,181,245,58,422,103,436,128,67,375,411,213,89,498,323,231,299,471,339,229,128,472,417,437,289,270,180,242,395,147,225,94,357,83,194,8,135,183,149,403,256,437,279,459,123,277,456,155,338,402,489,404,221,132,333,388,467,125,303,313,407,345,222,124,152,263,410,235,361,467,126,37,406,118
202,261,438,382,258,308,179,335,329,307,468,263,480,27,232,160,483,50,208,372,205,410,207,174,366,141,402,88,378,433,30,348,368,333,26,97,399,350,458,113,110,376,100,376,309,43,414,402,472,268,355,349,142,104,484,58,52,328,163,140,389,392,178,203,140,494,355,28,27,396,459,276,413,497,254,10,119,310,245,339,421,260,142,19,221,168,67,73,163,375,247,264,428,319,499,261,53,112,404,28
133,356,192,66,431,119,61,432,96,239,96,159,291,466,151,105,228,399,469,482,31,294,449,439,225,455,37,487,303,152,58,235,161,441,415,362,61,355,432,322,399,175,228,108,352,87,58,155,217,443,237,82,420,43,144,358,2,392,233,234,418,300,168,438,342,20,192,50,316,271,423,304,71,198,88,55,385,492,279,435,70,460,239,222,375,220,108,345,22,129,103,148,147,296,248,442,349,414,342,356
19,150,475,292,288,29,119,499,202,423,297,260,41,474,454,475,17,471,287,50,354,296,384,470,50,338,247,102,114,133,410,421,314,414,387,43,156,50,241,79,301,63,267,68,290,211,113,343,266,228,13,396,393,237,498,69,487,381,93,73,314,42,414,18,320,331,316,192,39,381,54,14,225,63,117,158,158,185,486,468,56,446,484,192,40,405,146,301,293,481,112,486,96,325,85,129,91,83,454,14
255,324,347,144,475,281,228,236,399,485,236,222,319,248,261,352,148,243,321,132,492,414,335,319,397,128,316,304,346,53,192,394,10,328,130,50,211,224,433,113,387,376,13,282,257,366,320,274,50,68,462,76,186,281,331,154,132,172,445,321,23,99,130,54,480,37,273,230,473,204,473,35,286,30,72,418,444,339,246,128,371,279,44,39,491,213,212,145,191,243,67,427,314,245,170,383,391,467,11,380
266,496,456,23,105,24,11,322,135,276,268,499,111,159,48,16,311,30,202,172,281,319,357,438,465,133,109,352,1,85,477,226,331,356,158,469,0,60,357,286,141,150,156,310,384,115,105,278,276,53,70,351,281,72,470,235,299,81,372,115,281,479,49,160,131,124,457,299,219,90,453,150,175,49,491,363,88,460,375,258,163,180,204,449,347,447,118,140,436,36,246,465,237,69,440,264,275,304,97,297
196,45,440,461,102,212,202,378,35,333,154,141,417,72,75,122,109,357,304,260,160,401,268,117,153,399,88,458,38,234,151,284,201,308,365,469,42,63,498,381,444,437,269,24,298,0,281,354,438,415,175,434,227,33,108,41,108,42,436,152,147,34,334,436,337,213,112,152,288,47,207,48,295,258,478,465,399,216,136,260,329,264,382,263,429,408,342,300,32,495,129,389,255,333,292,281,151,70,190,78
49,153,99,241,168,168,92,281,262,237,294,435,458,476,89,92,434,365,237,63,216,427,36,31,29,154,326,439,345,168,243,116,367,247,164,154,95,146,245,189,325,285,410,157,131,416,164,370,187,215,330,48,498,395,266,260,311,423,337,171,29,328,392,291,158,113,268,65,276,329,480,416,320,163,226,48,343,188,101,401,385,324,469,329,265,4,375,359,323,195,327,127,471,140,452,484,46,182,223,396
248,144,295,157,43,245,92,339,261,377,170,359,412,465,491,306,23,272,149,170,323,267,383,247,163,88,401,365,0,135,448,87,497,398,61,81,234,82,155,33,69,205,218,392,164,18,92,174,74,131,339,39,474,93,314,401,429,362,21,35,373,48,103,262,259,234,456,163,215,347,4,105,6,366,70,182,281,473,84,233,413,218,383,172,225,261,154,419,272,79,293,108,325,262,282,8,439,334,59,383
20,102,439,272,174,408,217,428,223,390,288,339,260,62,393,288,477,255,368,234,467,268,461,208,290,464,278,131,217,294,63,470,82,36,161,278,274,267,263,457,351,131,415,49,335,188,412,486,187,323,235,100,98,38,78,473,59,210,85,51,201,278,98,304,115,440,108,34,313,174,415,343,403,285,462,490,122,375,195,175,287,198,387,10,328,309,429,123,435,248,327,466,45,373,433,152,67,195,69,158
59,29,495,276,108,205,85,370,66,436,146,337,417,473,63,190,234,198,83,208,173,99,183,50,202,350,140,167,485,32,323,364,375,179,142,395,401,472,364,91,234,231,108,6,226,57,318,436,88,208,361,434,285,434,411,449,378,141,105,260,407,413,228,135,117,467,242,466,446,120,474,130,109,175,207,64,158,7,2,480,37,1,259,469,149,231,313,431,483,246,171,464,77,106,390,41,194,25,162,181
176,303,72,220,384,254,484,459,125,82,426,115,152,368,222,223,338,39,261,124,211,80,82,35,400,361,172,303,192,65,246,337,460,277,370,88,248,243,111,266,471,244,207,135,106,60,169,417,310,160,351,76,107,235,395,83,327,235,190,277,322,413,464,86,361,278,393,90,108,316,487,314,454,464,460,306,337,414,430,205,202,19,48,1,468,312,118,294,186,58,59,233,140,73,343,331,223,91,418,392
41,355,223,271,313,315,52,429,346,13,486,32,410,433,471,306,390,257,70,250,0,448,329,406,86,492,323,172,212,394,223,380,277,356,134,12,26,109,89,317,488,297,338,102,0,24,40,221,313,59,266,217,33,245,294,129,340,55,133,34,396,455,284,127,30,105,38,424,42,63,138,376,54,87,20,190,483,59,113,401,63,83,46,248,298,187,5,309,101,259,30,419,67,58,452,17,403,55,213,196
91,345,99,385,148,294,71,215,320,106,197,99,333,176,452,202,140,479,448,132,18,267,37,95,105,294,387,129,319,233,379,259,399,395,470,401,371,102,128,117,476,189,412,435,95,137,124,399,46,88,140,108,487,241,476,352,300,149,36,464,35,453,165,385,21,166,2,205,463,75,2,303,180,44,72,119,70,161,187,302,82,184,236,304,481,368,275,366,38,184,365,68,218,299,201,170,368,409,317,49
